0 0.73828125 0.73671875 0.1390625 0.2296875
0 0.103125 0.17109375 0.1 0.11875
0 0.81484375 0.1 0.0640625 0.11875
0 0.82734375 0.58984375 0.0890625 0.1609375
0 0.878125 0.76796875 0.065625 0.2953125
0 0.9375 0.7203125 0.05625 0.171875
0 0.9609375 0.7046875 0.065625 0.159375
0 0.771875 0.853125 0.078125 0.225
0 0.67734375 0.88515625 0.103125 0.1671875
0 0.1328125 0.0671875 0.08125 0.128125
0 0.12578125 0.4859375 0.0828125 0.203125
0 0.278125 0.3046875 0.0875 0.1125
0 0.39375 0.165625 0.0625 0.06875
0 0.3796875 0.2296875 0.034375 0.084375
0 0.46796875 0.19296875 0.0390625 0.0921875
0 0.6421875 0.265625 0.08125 0.2125
0 0.34453125 0.72578125 0.1578125 0.16875
0 0.59921875 0.91484375 0.0984375 0.1703125
0 0.46171875 0.903125 0.1640625 0.18125
0 0.50390625 0.9515625 0.1265625 0.09375
0 0.6484375 0.49453125 0.071875 0.2390625
0 0.7015625 0.39921875 0.053125 0.1078125
0 0.84296875 0.44609375 0.1265625 0.1546875
0 0.22578125 0.73984375 0.084375 0.19375
0 0.08828125 0.78203125 0.0671875 0.2671875
0 0.5140625 0.715625 0.10625 0.171875
0 0.696875 0.084375 0.078125 0.075
0 0.8859375 0.2015625 0.078125 0.1125
0 0.96015625 0.3375 0.0796875 0.084375
0 0.965625 0.4171875 0.06875 0.1
0 0.5171875 0.11484375 0.046875 0.0765625
0 0.66484375 0.0296875 0.065625 0.059375
0 0.53828125 0.378125 0.1546875 0.0875
0 0.428125 0.38046875 0.08125 0.0796875
0 0.2734375 0.4078125 0.075 0.14375
0 0.27265625 0.48984375 0.0734375 0.0984375
0 0.72734375 0.97265625 0.1546875 0.0546875
0 0.83203125 0.8421875 0.05 0.271875
0 0.80390625 0.25390625 0.059375 0.1328125
0 0.58515625 0.30625 0.0765625 0.071875
0 0.70546875 0.63046875 0.0671875 0.1609375
0 0.21015625 0.32578125 0.0515625 0.0828125
0 0.625 0.75078125 0.121875 0.1265625
0 0.72265625 0.21953125 0.0828125 0.153125
0 0.96953125 0.15234375 0.0609375 0.0859375
0 0.86015625 0.2921875 0.0765625 0.125
0 0.7359375 0.5484375 0.078125 0.14375
0 0.62265625 0.10703125 0.059375 0.0828125
0 0.04296875 0.5890625 0.0765625 0.171875
0 0.04921875 0.9421875 0.0796875 0.115625
0 0.028125 0.80625 0.05 0.203125
0 0.30703125 0.94765625 0.1453125 0.09375
0 0.44609375 0.715625 0.0609375 0.165625
0 0.49609375 0.53359375 0.0859375 0.2
0 0.56953125 0.67578125 0.078125 0.2796875
0 0.51171875 0.2828125 0.0984375 0.109375
0 0.95625 0.92265625 0.0875 0.1546875
0 0.2171875 0.59375 0.065625 0.121875