0 0.11056338028169013 0.758135593220339 0.12573943661971831 0.4027683615819209
0 0.26711267605633804 0.7718079096045198 0.14637323943661973 0.4171186440677966
0 0.4226056338028169 0.7715819209039547 0.1539788732394366 0.3688700564971752
0 0.5891901408450705 0.8024293785310734 0.14588028169014083 0.3523728813559322
0 0.7379225352112676 0.8061016949152543 0.13454225352112675 0.2893785310734463
0 0.8957042253521127 0.8096045197740114 0.15485915492957744 0.2232768361581921
0 0.8863380281690141 0.32322033898305086 0.14971830985915494 0.423954802259887
0 0.7389788732394367 0.30757062146892655 0.12588028169014084 0.4796045197740113
0 0.5759154929577465 0.29282485875706216 0.15725352112676055 0.5022033898305085
0 0.418274647887324 0.2761016949152542 0.12362676056338028 0.5425988700564972
0 0.2682042253521127 0.27435028248587573 0.1377112676056338 0.5217514124293785
0 0.11785211267605633 0.28412429378531073 0.12411971830985916 0.5543502824858757