0 0.06928888888888889 0.7973777777777777 0.1072 0.33462222222222227
0 0.1529333333333333 0.7882222222222222 0.1124 0.32155555555555554
0 0.2222222222222222 0.7816888888888889 0.10982222222222222 0.3294222222222222
0 0.28626666666666667 0.7633777777777777 0.10195555555555556 0.31373333333333336
0 0.3620888888888889 0.7620888888888889 0.09671111111111112 0.27973333333333333
0 0.4431555555555555 0.7542666666666668 0.1072 0.2901777777777778
0 0.5058666666666667 0.7594666666666666 0.09671111111111112 0.2849777777777778
0 0.5725333333333333 0.7581777777777778 0.1255111111111111 0.2823555555555556
0 0.6405333333333334 0.7608 0.10457777777777778 0.2928
0 0.7202666666666667 0.7738666666666667 0.1124 0.3241777777777778
0 0.7777777777777778 0.7764888888888889 0.09671111111111112 0.28759999999999997
0 0.8457333333333333 0.7869333333333334 0.10195555555555556 0.31373333333333336
0 0.9189333333333333 0.7947555555555555 0.1124 0.33462222222222227