0 0.1529333333333333 0.40782222222222225 0.15426666666666666 0.33986666666666665
0 0.2392 0.3882222222222222 0.14377777777777778 0.3058666666666666
0 0.3385777777777778 0.4 0.11764444444444444 0.30848888888888887
0 0.4366222222222222 0.4026222222222222 0.12026666666666666 0.30848888888888887
0 0.522888888888889 0.39084444444444444 0.12026666666666666 0.3006666666666667
0 0.6209333333333333 0.39871111111111107 0.10195555555555556 0.3111111111111111
0 0.35555555555555557 0.566 0.14115555555555556 0.2640444444444444
0 0.46013333333333334 0.5712444444444444 0.10982222222222222 0.2901777777777778
0 0.5529333333333333 0.5764888888888889 0.10195555555555556 0.2954222222222222
0 0.6405333333333334 0.5816888888888889 0.0732 0.2901777777777778
0 0.7307111111111111 0.5777777777777777 0.08626666666666667 0.28759999999999997
0 0.8340000000000001 0.5895555555555556 0.10982222222222222 0.2901777777777778