0 0.10457777777777778 0.2627555555555555 0.19346666666666668 0.4993333333333333
0 0.24573333333333333 0.2614222222222222 0.1620888888888889 0.47057777777777776
0 0.37124444444444443 0.2509777777777778 0.19871111111111112 0.41831111111111113
0 0.5058666666666667 0.2705777777777778 0.19084444444444443 0.4261333333333333
0 0.6640444444444444 0.2692888888888889 0.20915555555555557 0.42875555555555556
0 0.7921777777777779 0.2836444444444444 0.19871111111111112 0.4366222222222222
0 0.9235111111111111 0.2601333333333333 0.1529333333333333 0.4366222222222222
0 0.1111111111111111 0.7280888888888889 0.20653333333333332 0.4575111111111111
0 0.3124 0.7176444444444444 0.15426666666666666 0.44706666666666667
0 0.43791111111111114 0.703288888888889 0.14902222222222222 0.4026222222222222
0 0.5529333333333333 0.6719111111111111 0.1804 0.31373333333333336
0 0.7045777777777777 0.6967111111111111 0.1280888888888889 0.4
0 0.8483555555555555 0.6980444444444445 0.1647111111111111 0.3764888888888889