0 0.1178169014084507 0.278135593220339 0.12369718309859155 0.5331073446327683
0 0.2600352112676056 0.2788700564971751 0.11556338028169014 0.5403389830508475
0 0.4144014084507042 0.29192090395480225 0.12640845070422535 0.5345762711864407
0 0.5737676056338028 0.29553672316384183 0.13454225352112675 0.518587570621469
0 0.7362676056338028 0.3114689265536723 0.13633802816901408 0.4954237288135593
0 0.8857042253521127 0.3310169491525424 0.1390492957746479 0.467909604519774
0 0.890669014084507 0.7894915254237289 0.14714788732394365 0.2578531073446328
0 0.7313028169014084 0.7888135593220339 0.14084507042253522 0.26508474576271185
0 0.5877464788732394 0.7888135593220339 0.14985915492957746 0.3346327683615819
0 0.4207394366197183 0.7742937853107346 0.14447183098591548 0.3577966101694915
0 0.2667957746478873 0.777909604519774 0.14714788732394365 0.4229943502824859
0 0.10742957746478873 0.7590960451977402 0.11014084507042254 0.3737288135593221