0 0.1620888888888889 0.4575111111111111 0.1307111111111111 0.3608
0 0.29671111111111115 0.4169777777777777 0.09151111111111111 0.2744888888888889
0 0.40915555555555555 0.4012888888888889 0.09151111111111111 0.2744888888888889
0 0.5084888888888889 0.39871111111111107 0.1072 0.27973333333333333
0 0.6274666666666667 0.366 0.1255111111111111 0.20915555555555557
0 0.7385777777777778 0.38302222222222226 0.1072 0.2536
0 0.26537777777777777 0.5934666666666667 0.15946666666666667 0.38168888888888886
0 0.38693333333333335 0.5934666666666667 0.10457777777777778 0.38693333333333335
0 0.5150222222222222 0.5934666666666667 0.10457777777777778 0.38168888888888886
0 0.6248444444444444 0.5947555555555555 0.10457777777777778 0.3895555555555556
0 0.7150222222222222 0.5960888888888889 0.11764444444444444 0.39217777777777774
0 0.8444444444444444 0.5869333333333333 0.1307111111111111 0.3738666666666667