0 0.13986666666666667 0.41831111111111113 0.14377777777777778 0.37124444444444443
0 0.2692888888888889 0.4169777777777777 0.11502222222222222 0.3843111111111111
0 0.36995555555555554 0.39608888888888893 0.1072 0.3163555555555556
0 0.47057777777777776 0.39217777777777774 0.08888888888888889 0.29804444444444445
0 0.5542666666666667 0.39871111111111107 0.10457777777777778 0.32155555555555554
0 0.6614222222222222 0.38302222222222226 0.11502222222222222 0.2901777777777778
0 0.3411555555555556 0.5738666666666666 0.12288888888888888 0.3686222222222222
0 0.4536 0.5843111111111111 0.11764444444444444 0.3633777777777778
0 0.5633777777777778 0.5804 0.1124 0.3503111111111111
0 0.6692888888888889 0.5804 0.09413333333333333 0.34511111111111115
0 0.7555555555555555 0.5764888888888889 0.10457777777777778 0.3633777777777778
0 0.8627555555555556 0.5843111111111111 0.10457777777777778 0.3581777777777778