0 0.38693333333333335 0.48106666666666664 0.22484444444444446 0.6431555555555556
0 0.6392 0.45488888888888884 0.23791111111111113 0.6222222222222222
0 0.8451111111111111 0.48235555555555554 0.3098222222222222 0.6771111111111111
0 0.15164444444444444 0.8575111111111111 0.25622222222222224 0.24573333333333333
0 0.3856 0.8627555555555556 0.20653333333333332 0.17253333333333334
0 0.5843111111111111 0.8562222222222222 0.19084444444444443 0.23266666666666666
0 0.8026222222222222 0.8705777777777778 0.20915555555555557 0.2196
0 0.0928 0.4876 0.1856 0.6091555555555556
0 0.2222222222222222 0.6026222222222223 0.15684444444444445 0.13857777777777777
0 0.25622222222222224 0.4431555555555555 0.15164444444444444 0.1280888888888889
0 0.19737777777777776 0.24835555555555558 0.16995555555555555 0.14115555555555556
0 0.7673333333333333 0.2705777777777778 0.19608888888888887 0.1856
0 0.7712444444444444 0.47844444444444445 0.19871111111111112 0.27711111111111114